0    0.193870782852
1000    63.2656888962
2000    149.781178951
3000    247.070688963
4000    356.589259863
5000    480.794818878
6000    626.610015869
7000    790.837786913
8000    1005.38739681
9000    1405.01281285
10000    1775.26266193
11000    2092.69472599
--------------------------------------------------
0    0.191540002823
--------------------------------------------------
0    0.22559595108
1000    62.2611339092
--------------------------------------------------
0    0.208561897278
1000    61.6500020027
2000    150.597801924
3000    241.189527035
4000    333.81801796
5000    440.224170923
6000    570.498020887
7000    721.504243851
8000    916.188418865
9000    1318.9568429
10000    1673.20339608
--------------------------------------------------
0    0.194800138474
1000    61.4496071339
2000    153.395740986
3000    247.029153109
4000    348.051203012
5000    459.31006217
6000    599.89902401
7000    758.380654097
8000    956.35593915
9000    1356.33537102
10000    1706.00019598
11000    2002.83074903
12000    2306.64102817
13000    2500.75708008
14000    2711.10995007
15000    2973.78847098
16000    3209.01842713
17000    3440.31813407
18000    3747.43960905
19000    4028.66654611
20000    4587.40866899
--------------------------------------------------
0    0.196662187576
--------------------------------------------------
--------------------------------------------------
--------------------------------------------------
--------------------------------------------------
--------------------------------------------------
0    0.201864004135
--------------------------------------------------
--------------------------------------------------
--------------------------------------------------
--------------------------------------------------
--------------------------------------------------
--------------------------------------------------
--------------------------------------------------
--------------------------------------------------
--------------------------------------------------
--------------------------------------------------
0    0.20314002037
--------------------------------------------------
--------------------------------------------------
--------------------------------------------------
--------------------------------------------------
--------------------------------------------------
--------------------------------------------------
--------------------------------------------------
--------------------------------------------------
--------------------------------------------------
--------------------------------------------------
--------------------------------------------------
--------------------------------------------------
--------------------------------------------------
--------------------------------------------------
